These UPCs are listed on GunBroker but may not be available (checked Lipseys, Davidsons, and RSR Group)
761226089902 -
850016570567 -
850016570291 -
850386008615 -
669278320076 -
642230263888 -
643477862803 -
850386008691 -
723551440186 -
798681656165 -
764503053511 -
805380094287 -
806703065205 -
810035754997
764503037108
764503052491
764503000447
619835002006
049533310460
754908312801
754908211906
736676311590
798681650897
022188880335
725327937241
798681607891
787450838932
727962706749
850386008639
752334038036
806703912578
723364214608
043125015238
098289020413
785939519457
736676137190
810070682972
810070682941
736676311729
736676439348
798681629145
761226089902
806703951201
798681659760
764503036729
727962705551
811069028955
011356232205
741566905308
787450232792
787450596733
845737010065
848456003073
848456002984
848456002816
848456002304
815604018562
787450779570
787450796300
819644025757
845737000981
681565227172
681565226199
604206910462
806703023038
806703023403
806703023427
082442818207
812151024626
806703065861
806703064956
193212048844
681565228520
812526020475
812526020482
082442940847
787450810990
812526020543
787450841765
787450841772
811338036117
810070682118
764503037894
020892224421
048702019302
011356232182
725327617419
015813524407
015813506489
785939519464
787450596733
741566905193
